 :[0, 1, 1]
e:[0, 1, 0]
n:[1, 1, 1, 1]
i:[1, 1, 1, 0]
r:[1, 0, 0, 1]
d:[1, 0, 0, 0]
a:[1, 0, 1, 1]
s:[1, 0, 1, 0]
t:[0, 0, 0, 0, 1]
h:[0, 0, 0, 0, 0]
u:[0, 0, 0, 1, 1]
l:[0, 0, 0, 1, 0]
c:[1, 1, 0, 1, 0, 1]
m:[1, 1, 0, 1, 0, 0]
o:[1, 1, 0, 1, 1, 1]
g:[1, 1, 0, 1, 1, 0]
,:[1, 1, 0, 0, 0, 1]
.:[1, 1, 0, 0, 0, 0]
Ã:[1, 1, 0, 0, 1, 1]
b:[1, 1, 0, 0, 1, 0]
w:[0, 0, 1, 1, 0, 0, 0]
f:[0, 0, 1, 1, 0, 1, 1]
z:[0, 0, 1, 1, 0, 1, 0]
H:[0, 0, 1, 0, 0, 1, 0, 0]
S:[0, 0, 1, 0, 0, 1, 1, 1]
k:[0, 0, 1, 0, 0, 1, 1, 0]
v:[0, 0, 1, 0, 0, 0, 0, 1]
¼:[0, 0, 1, 0, 0, 0, 0, 0]
Ÿ:[0, 0, 1, 0, 0, 0, 1, 1]
p:[0, 0, 1, 0, 0, 0, 1, 0]
G:[0, 0, 1, 0, 1, 1, 0, 1]
1:[0, 0, 1, 0, 1, 1, 0, 0]
D:[0, 0, 1, 0, 1, 1, 1, 1]
¤:[0, 0, 1, 0, 1, 1, 1, 0]
W:[0, 0, 1, 0, 1, 0, 0, 1]
K:[0, 0, 1, 0, 1, 0, 0, 0]
¶:[0, 0, 1, 0, 1, 0, 1, 1]
2:[0, 0, 1, 0, 1, 0, 1, 0]
;:[0, 0, 1, 1, 1, 0, 0, 1, 0]
A:[0, 0, 1, 1, 1, 1, 1, 0, 1]
M:[0, 0, 1, 1, 1, 1, 1, 0, 0]
U:[0, 0, 1, 1, 1, 1, 1, 1, 1]
::[0, 0, 1, 1, 1, 1, 1, 1, 0]
E:[0, 0, 1, 1, 1, 1, 0, 0, 1]
B:[0, 0, 1, 1, 1, 1, 0, 0, 0]
J:[0, 0, 1, 1, 1, 1, 0, 1, 1]
L:[0, 0, 1, 1, 1, 1, 0, 1, 0]
3:[0, 0, 1, 1, 0, 0, 1, 0, 1]
T:[0, 0, 1, 1, 0, 0, 1, 0, 0]
V:[0, 0, 1, 1, 0, 0, 1, 1, 1]
F:[0, 0, 1, 1, 0, 0, 1, 1, 0]
I:[0, 0, 1, 1, 1, 0, 0, 0, 1, 1]
4:[0, 0, 1, 1, 1, 0, 0, 0, 1, 0]
Z:[0, 0, 1, 1, 1, 0, 1, 1, 0, 1]
5:[0, 0, 1, 1, 1, 0, 1, 1, 0, 0]
P:[0, 0, 1, 1, 1, 0, 1, 1, 1, 1]
j:[0, 0, 1, 1, 1, 0, 1, 1, 1, 0]
R:[0, 0, 1, 1, 1, 0, 1, 0, 0, 1]
6:[0, 0, 1, 1, 1, 0, 1, 0, 0, 0]
7:[0, 0, 1, 1, 1, 0, 1, 0, 1, 1]
N:[0, 0, 1, 1, 1, 0, 1, 0, 1, 0]
8:[0, 0, 1, 0, 0, 1, 0, 1, 0, 1]
9:[0, 0, 1, 0, 0, 1, 0, 1, 0, 0]
0:[0, 0, 1, 0, 0, 1, 0, 1, 1, 1]
?:[0, 0, 1, 0, 0, 1, 0, 1, 1, 0]
!:[0, 0, 1, 1, 1, 0, 0, 0, 0, 1, 0]
':[0, 0, 1, 1, 1, 0, 0, 1, 1, 0, 1]
]:[0, 0, 1, 1, 1, 0, 0, 1, 1, 0, 0]
[:[0, 0, 1, 1, 1, 0, 0, 1, 1, 1, 1]
O:[0, 0, 1, 1, 1, 0, 0, 1, 1, 1, 0]
y:[0, 0, 1, 1, 1, 0, 0, 0, 0, 0, 0, 1]
":[0, 0, 1, 1, 1, 0, 0, 0, 0, 0, 0, 0]
„:[0, 0, 1, 1, 1, 0, 0, 0, 0, 0, 1, 1]
C:[0, 0, 1, 1, 1, 0, 0, 0, 0, 0, 1, 0]
-:[0, 0, 1, 1, 1, 0, 0, 0, 0, 1, 1, 1, 1]
(:[0, 0, 1, 1, 1, 0, 0, 0, 0, 1, 1, 1, 0]
):[0, 0, 1, 1, 1, 0, 0, 0, 0, 1, 1, 0, 0, 0]
œ:[0, 0, 1, 1, 1, 0, 0, 0, 0, 1, 1, 0, 1, 1]
–:[0, 0, 1, 1, 1, 0, 0, 0, 0, 1, 1, 0, 1, 0]
q:[0, 0, 1, 1, 1, 0, 0, 0, 0, 1, 1, 0, 0, 1, 0]
Q:[0, 0, 1, 1, 1, 0, 0, 0, 0, 1, 1, 0, 0, 1, 1, 1]
x:[0, 0, 1, 1, 1, 0, 0, 0, 0, 1, 1, 0, 0, 1, 1, 0]