 :[3]
e:[2]
n:[1]
i:[0]
r:[4, 3]
s:[4, 2]
a:[4, 1]
d:[4, 0]
h:[5, 6]
t:[5, 5]
u:[5, 4]
l:[5, 3]
c:[5, 2]
g:[5, 1]
m:[5, 0]
o:[6, 6]
b:[6, 5]
,:[6, 4]
f:[6, 3]
w:[6, 2]
.:[6, 1]
k:[6, 0]
z:[7]
S:[4, 4, 4]
ä:[4, 4, 3]
ü:[4, 4, 2]
ö:[4, 4, 1]
v:[4, 4, 0]
p:[4, 5, 6]
F:[4, 5, 5]
ß:[4, 5, 4]
D:[4, 5, 3]
E:[4, 5, 2]
V:[4, 5, 1]
W:[4, 5, 0]
N:[4, 6, 6]
K:[4, 6, 5]
B:[4, 6, 4]
M:[4, 6, 3]
A:[4, 6, 2]
H:[4, 6, 1]
I:[4, 6, 0]
L:[4, 7]
R:[5, 7]
G:[6, 7]
T:[8]
Z:[4, 4, 5, 5]
j:[4, 4, 5, 4]
J:[4, 4, 5, 3]
-:[4, 4, 5, 2]
;:[4, 4, 5, 1]
):[4, 4, 5, 0]
(:[4, 4, 6, 6]
_:[4, 4, 6, 5]
::[4, 4, 6, 4]
O:[4, 4, 6, 3]
U:[4, 4, 6, 2]
]:[4, 4, 6, 1]
[:[4, 4, 6, 0]
„:[4, 4, 7]
“:[4, 5, 7]
P:[4, 6, 7]
1:[4, 8]
4:[5, 8]
3:[6, 8]
?:[9]
5:[4, 4, 5, 6, 6]
2:[4, 4, 5, 6, 5]
!:[4, 4, 5, 6, 4]
6:[4, 4, 5, 6, 3]
0:[4, 4, 5, 6, 2]
Ä:[4, 4, 5, 6, 1]
q:[4, 4, 5, 6, 0]
8:[4, 4, 5, 7]
’:[4, 4, 6, 7]
Q:[4, 4, 8]
9:[4, 5, 8]
7:[4, 6, 8]
Ö:[4, 9]
y:[5, 9]
x:[6, 9]
C:[4, 4, 5, 6, 7]