 :[1]
e:[0]
n:[2, 0]
r:[3, 4]
i:[3, 3]
s:[3, 2]
t:[3, 1]
l:[3, 0]
a:[4, 4]
h:[4, 3]
c:[4, 2]
o:[4, 1]
g:[4, 0]
m:[2, 1, 1]
u:[2, 1, 0]
.:[2, 2, 4]
k:[2, 2, 3]
d:[2, 2, 2]
E:[2, 2, 1]
,:[2, 2, 0]
b:[2, 3, 4]
D:[2, 3, 3]
w:[2, 3, 2]
ü:[2, 3, 1]
v:[2, 3, 0]
p:[2, 4, 4]
f:[2, 4, 3]
S:[2, 4, 2]
I:[2, 4, 1]
ö:[2, 4, 0]
z:[2, 1, 2, 4]
V:[2, 1, 2, 3]
O:[2, 1, 2, 2]
F:[2, 1, 2, 1]
ä:[2, 1, 2, 0]
G:[2, 1, 3, 4]
B:[2, 1, 3, 3]
…:[2, 1, 3, 2]
ß:[2, 1, 3, 1]
W:[2, 1, 3, 0]
R:[2, 1, 4, 4]
N:[2, 1, 4, 3]
M:[2, 1, 4, 2]
K:[2, 1, 4, 1]
H:[2, 1, 4, 0]