 :[1, 0]
e:[2]
n:[1, 1, 0]
i:[0, 0, 1]
r:[0, 0, 0]
d:[0, 1, 1]
a:[0, 1, 0]
s:[0, 2]
t:[1, 2]
h:[3]
u:[1, 1, 1, 0]
l:[1, 1, 2]
c:[0, 0, 2]
m:[0, 1, 2]
o:[0, 3]
g:[1, 3]
,:[4]
.:[0, 0, 3]
Ã:[0, 1, 3]
b:[0, 4]
w:[1, 4]
f:[6]
z:[5]
H:[1, 1, 3, 0]
S:[1, 1, 1, 2, 1]
k:[1, 1, 1, 2, 0]
v:[1, 1, 1, 1, 0, 1]
¼:[1, 1, 1, 1, 0, 0]
Ÿ:[1, 1, 1, 1, 1, 1]
p:[1, 1, 1, 1, 1, 0]
G:[1, 1, 1, 1, 2]
1:[1, 1, 1, 3]
D:[1, 1, 4]
¤:[0, 0, 4]
W:[0, 1, 4]
K:[0, 6]
¶:[0, 5]
2:[1, 6]
;:[1, 5]
A:[7]
M:[1, 1, 3, 1, 1]
U:[1, 1, 3, 1, 0]
::[1, 1, 3, 2]
E:[1, 1, 1, 2, 2]
B:[1, 1, 1, 1, 0, 2]
J:[1, 1, 1, 1, 1, 2]
L:[1, 1, 1, 1, 3]
3:[1, 1, 1, 4]
T:[1, 1, 6]
V:[1, 1, 5]
F:[0, 0, 6]
I:[0, 0, 5]
4:[0, 1, 6]
Z:[0, 1, 5]
5:[0, 7]
P:[1, 7]
j:[1, 1, 3, 1, 2]
R:[1, 1, 3, 3]
6:[1, 1, 1, 2, 3]
7:[1, 1, 1, 1, 0, 3]
N:[1, 1, 1, 1, 1, 3]
8:[1, 1, 1, 1, 4]
9:[1, 1, 1, 6]
0:[1, 1, 1, 5]
?:[1, 1, 7]
!:[0, 0, 7]
':[0, 1, 7]
]:[1, 1, 3, 1, 3]
[:[1, 1, 3, 4]
O:[1, 1, 1, 2, 4]
y:[1, 1, 1, 1, 0, 4]
":[1, 1, 1, 1, 1, 4]
„:[1, 1, 1, 1, 6]
C:[1, 1, 1, 1, 5]
-:[1, 1, 1, 7]
(:[8]
):[1, 1, 3, 1, 4]
œ:[1, 1, 3, 6]
–:[1, 1, 3, 5]
q:[1, 1, 1, 2, 6]
Q:[1, 1, 1, 2, 5]
x:[1, 1, 1, 1, 0, 6]