，:[1, 2]
。:[4]
」:[3, 3]
「:[3, 2]
》:[1, 0, 3]
：:[1, 0, 2]
《:[1, 1, 3]
格:[1, 1, 2]
之:[0, 0, 3]
不:[0, 0, 2]
為:[0, 1, 3]
有:[0, 1, 2]
云:[0, 4]
時:[1, 4]
其:[1, 1, 0, 0, 1]
一:[1, 1, 0, 0, 0]
風:[1, 1, 0, 1, 1]
詩:[1, 1, 0, 1, 0]
相:[0, 0, 1, 0, 1]
武:[0, 0, 1, 0, 0]
人:[0, 0, 1, 1, 1]
；:[0, 0, 1, 1, 0]
誰:[0, 0, 0, 0, 1]
知:[0, 0, 0, 0, 0]
是:[0, 0, 0, 1, 1]
在:[0, 0, 0, 1, 0]
公:[0, 1, 1, 0, 1]
也:[0, 1, 1, 0, 0]
骨:[0, 1, 1, 1, 1]
馬:[0, 1, 1, 1, 0]
都:[0, 1, 0, 0, 1]
調:[0, 1, 0, 0, 0]
言:[0, 1, 0, 1, 1]
花:[0, 1, 0, 1, 0]
而:[0, 3, 0, 1]
者:[0, 3, 0, 0]
皆:[0, 3, 1, 1]
百:[0, 3, 1, 0]
未:[0, 2, 0, 1]
日:[0, 2, 0, 0]
意:[0, 2, 1, 1]
情:[0, 2, 1, 0]
性:[1, 3, 0, 1]
律:[1, 3, 0, 0]
天:[1, 3, 1, 1]
嚴:[1, 3, 1, 0]
十:[1, 3, 3]
作:[1, 3, 2]
以:[0, 2, 3]
、:[0, 2, 2]
韓:[0, 3, 3]
非:[0, 3, 2]
開:[0, 1, 0, 3]
通:[0, 1, 0, 2]
趣:[0, 1, 1, 3]
談:[0, 1, 1, 2]
解:[0, 0, 0, 3]
見:[0, 0, 0, 2]
與:[0, 0, 1, 3]
自:[0, 0, 1, 2]
繩:[1, 1, 0, 3]
篇:[1, 1, 0, 2]
禹:[1, 1, 1, 3]
看:[1, 1, 1, 2]
目:[1, 0, 0, 3]
王:[1, 0, 0, 2]
無:[1, 0, 1, 3]
濟:[1, 0, 1, 2]
滿:[3, 0, 3]
深:[3, 0, 2]
水:[3, 1, 3]
此:[3, 1, 2]
枝:[2, 0, 3]
林:[2, 0, 2]
李:[2, 1, 3]
曰:[2, 1, 2]
文:[2, 4]
才:[3, 4]
志:[1, 0, 4]
得:[1, 1, 4]
後:[0, 0, 4]
年:[0, 1, 4]
已:[1, 1, 1, 1, 0, 1]
尤:[1, 1, 1, 1, 0, 0]
將:[1, 1, 1, 1, 1, 1]
好:[1, 1, 1, 1, 1, 0]
大:[1, 1, 1, 0, 0, 1]
多:[1, 1, 1, 0, 0, 0]
外:[1, 1, 1, 0, 1, 1]
四:[1, 1, 1, 0, 1, 0]
問:[1, 0, 0, 1, 0, 1]
吟:[1, 0, 0, 1, 0, 0]
君:[1, 0, 0, 1, 1, 1]
同:[1, 0, 0, 1, 1, 0]
出:[1, 0, 0, 0, 0, 1]
光:[1, 0, 0, 0, 0, 0]
便:[1, 0, 0, 0, 1, 1]
來:[1, 0, 0, 0, 1, 0]
何:[1, 0, 1, 1, 0, 1]
乎:[1, 0, 1, 1, 0, 0]
中:[1, 0, 1, 1, 1, 1]
上:[1, 0, 1, 1, 1, 0]
三:[1, 0, 1, 0, 0, 1]
七:[1, 0, 1, 0, 0, 0]
 :[1, 0, 1, 0, 1, 1]
龍:[1, 0, 1, 0, 1, 0]
齋:[3, 0, 1, 0, 1]
齊:[3, 0, 1, 0, 0]
騎:[3, 0, 1, 1, 1]
首:[3, 0, 1, 1, 0]
餘:[3, 0, 0, 0, 1]
飯:[3, 0, 0, 0, 0]
頌:[3, 0, 0, 1, 1]
須:[3, 0, 0, 1, 0]
韻:[3, 1, 1, 0, 1]
靈:[3, 1, 1, 0, 0]
霄:[3, 1, 1, 1, 1]
雙:[3, 1, 1, 1, 0]
雅:[3, 1, 0, 0, 1]
雄:[3, 1, 0, 0, 0]
陽:[3, 1, 0, 1, 1]
陰:[3, 1, 0, 1, 0]
門:[2, 0, 1, 0, 1]
鐘:[2, 0, 1, 0, 0]
鏡:[2, 0, 1, 1, 1]
金:[2, 0, 1, 1, 0]
野:[2, 0, 0, 0, 1]
里:[2, 0, 0, 0, 0]
酬:[2, 0, 0, 1, 1]
鄧:[2, 0, 0, 1, 0]
鄉:[2, 1, 1, 0, 1]
鄂:[2, 1, 1, 0, 0]
郵:[2, 1, 1, 1, 1]
郎:[2, 1, 1, 1, 0]
遙:[2, 1, 0, 0, 1]
遇:[2, 1, 0, 0, 0]
逋:[2, 1, 0, 1, 1]
迥:[2, 1, 0, 1, 0]
近:[2, 3, 0, 1]
辦:[2, 3, 0, 0]
辛:[2, 3, 1, 1]
輕:[2, 3, 1, 0]
蹕:[2, 2, 0, 1]
踏:[2, 2, 0, 0]
貧:[2, 2, 1, 1]
象:[2, 2, 1, 0]
豈:[2, 2, 3]
謂:[2, 2, 2]
誠:[2, 3, 3]
詠:[2, 3, 2]
詞:[2, 1, 0, 3]
許:[2, 1, 0, 2]
訟:[2, 1, 1, 3]
訊:[2, 1, 1, 2]
西:[2, 0, 0, 3]
蝶:[2, 0, 0, 2]
蝴:[2, 0, 1, 3]
蘄:[2, 0, 1, 2]
葉:[3, 1, 0, 3]
萬:[3, 1, 0, 2]
華:[3, 1, 1, 3]
莫:[3, 1, 1, 2]
草:[3, 0, 0, 3]
英:[3, 0, 0, 2]
若:[3, 0, 1, 3]
色:[3, 0, 1, 2]
般:[1, 0, 1, 0, 3]
至:[1, 0, 1, 0, 2]
臨:[1, 0, 1, 1, 3]
腔:[1, 0, 1, 1, 2]
能:[1, 0, 0, 0, 3]
肯:[1, 0, 0, 0, 2]
耶:[1, 0, 0, 1, 3]
老:[1, 0, 0, 1, 2]
翰:[1, 1, 1, 0, 3]
經:[1, 1, 1, 0, 2]
絲:[1, 1, 1, 1, 3]
絕:[1, 1, 1, 1, 2]
範:[1, 1, 0, 0, 3]
箏:[1, 1, 0, 0, 2]
窺:[1, 1, 0, 1, 3]
空:[1, 1, 0, 1, 2]
種:[0, 0, 1, 0, 3]
租:[0, 0, 1, 0, 2]
秀:[0, 0, 1, 1, 3]
祠:[0, 0, 1, 1, 2]
督:[0, 0, 0, 0, 3]
省:[0, 0, 0, 0, 2]
盼:[0, 0, 0, 1, 3]
皋:[0, 0, 0, 1, 2]
皇:[0, 1, 1, 0, 3]
登:[0, 1, 1, 0, 2]
異:[0, 1, 1, 1, 3]
略:[0, 1, 1, 1, 2]
甲:[0, 1, 0, 0, 3]
生:[0, 1, 0, 0, 2]
玩:[0, 1, 0, 1, 3]
率:[0, 1, 0, 1, 2]
猶:[0, 3, 0, 3]
熟:[0, 3, 0, 2]
煙:[0, 3, 1, 3]
然:[0, 3, 1, 2]
炊:[0, 2, 0, 3]
火:[0, 2, 0, 2]
渾:[0, 2, 1, 3]
清:[0, 2, 1, 2]
浪:[1, 3, 0, 3]
況:[1, 3, 0, 2]
氣:[1, 3, 1, 3]
毆:[1, 3, 1, 2]
歸:[1, 3, 4]
止:[0, 2, 4]
歌:[0, 3, 4]
樹:[0, 1, 0, 4]
樓:[0, 1, 1, 4]
榮:[0, 0, 0, 4]
楊:[0, 0, 1, 4]
桐:[1, 1, 0, 4]
柳:[1, 1, 1, 4]
架:[1, 0, 0, 4]
望:[1, 0, 1, 4]
最:[3, 0, 4]
曲:[3, 1, 4]
暮:[2, 0, 4]
晉:[2, 1, 4]
春:[1, 1, 1, 1, 0, 3]
星:[1, 1, 1, 1, 0, 2]
易:[1, 1, 1, 1, 1, 3]
於:[1, 1, 1, 1, 1, 2]
斜:[1, 1, 1, 0, 0, 3]
料:[1, 1, 1, 0, 0, 2]
散:[1, 1, 1, 0, 1, 3]
攬:[1, 1, 1, 0, 1, 2]
描:[1, 0, 0, 1, 0, 3]
指:[1, 0, 0, 1, 0, 2]
拳:[1, 0, 0, 1, 1, 3]
招:[1, 0, 0, 1, 1, 2]
拙:[1, 0, 0, 0, 0, 3]
押:[1, 0, 0, 0, 0, 2]
托:[1, 0, 0, 0, 1, 3]
扈:[1, 0, 0, 0, 1, 2]
成:[1, 0, 1, 1, 0, 3]
懷:[1, 0, 1, 1, 0, 2]
憐:[1, 0, 1, 1, 1, 3]
愛:[1, 0, 1, 1, 1, 2]
恩:[1, 0, 1, 0, 0, 3]
思:[1, 0, 1, 0, 0, 2]
怒:[1, 0, 1, 0, 1, 3]
心:[1, 0, 1, 0, 1, 2]
從:[3, 0, 1, 0, 3]
張:[3, 0, 1, 0, 2]
底:[3, 0, 1, 1, 3]
席:[3, 0, 1, 1, 2]
希:[3, 0, 0, 0, 3]
己:[3, 0, 0, 0, 2]
山:[3, 0, 0, 1, 3]
屈:[3, 0, 0, 1, 2]
居:[3, 1, 1, 0, 3]
小:[3, 1, 1, 0, 2]
專:[3, 1, 1, 1, 3]
封:[3, 1, 1, 1, 2]
寶:[3, 1, 0, 0, 3]
寫:[3, 1, 0, 0, 2]
寧:[3, 1, 0, 1, 3]
寄:[3, 1, 0, 1, 2]
家:[2, 0, 1, 0, 3]
客:[2, 0, 1, 0, 2]
定:[2, 0, 1, 1, 3]
學:[2, 0, 1, 1, 2]
字:[2, 0, 0, 0, 3]
子:[2, 0, 0, 0, 2]
婦:[2, 0, 0, 1, 3]
妻:[2, 0, 0, 1, 2]
妙:[2, 1, 1, 0, 3]
如:[2, 1, 1, 0, 2]
奮:[2, 1, 1, 1, 3]
奇:[2, 1, 1, 1, 2]
士:[2, 1, 0, 0, 3]
增:[2, 1, 0, 0, 2]
城:[2, 1, 0, 1, 3]
圍:[2, 1, 0, 1, 2]
國:[2, 3, 0, 3]
哉:[2, 3, 0, 2]
和:[2, 3, 1, 3]
命:[2, 3, 1, 2]
否:[2, 2, 0, 3]
可:[2, 2, 0, 2]
句:[2, 2, 1, 3]
古:[2, 2, 1, 2]
口:[2, 2, 4]
叟:[2, 3, 4]
及:[2, 1, 0, 4]
去:[2, 1, 1, 4]
卓:[2, 0, 0, 4]
卒:[2, 0, 1, 4]
半:[3, 1, 0, 4]
午:[3, 1, 1, 4]
化:[3, 0, 0, 4]
勞:[3, 0, 1, 4]
則:[1, 0, 1, 0, 4]
到:[1, 0, 1, 1, 4]
分:[1, 0, 0, 0, 4]
冰:[1, 0, 0, 1, 4]
兩:[1, 1, 1, 0, 4]
入:[1, 1, 1, 1, 4]
先:[1, 1, 0, 0, 4]
元:[1, 1, 0, 1, 4]
侯:[0, 0, 1, 0, 4]
侮:[0, 0, 1, 1, 4]
低:[0, 0, 0, 0, 4]
似:[0, 0, 0, 1, 4]
仙:[0, 1, 1, 0, 4]
仗:[0, 1, 1, 1, 4]
今:[0, 1, 0, 0, 4]
二:[0, 1, 0, 1, 4]
事:[0, 3, 0, 4]
九:[0, 3, 1, 4]
丞:[0, 2, 0, 4]
世:[0, 2, 1, 4]
丑:[1, 3, 0, 4]
〈:[1, 3, 1, 4]